# q	Intensity	Error	qError
1.012526857894109761e-01 3.039415567786877270e-01 1.141552277038768298e-01 2.461688588777527780e-04
1.062075198078376997e-01 2.094722163277110694e-01 1.077347407355074144e-01 2.461805727274650403e-04
1.115990460281094110e-01 4.009073812734424980e-01 9.163345160741583062e-02 1.988195706222436923e-04
1.172091543696254234e-01 2.233469024290770100e-01 9.240890141845074790e-02 2.080842430847384364e-04
1.226215541870122883e-01 2.404479574468594283e-01 8.444928302395877939e-02 1.870200939598165796e-04
1.280769364623562390e-01 2.301165591405349431e-01 8.093741801892477550e-02 1.870319296716804779e-04
1.335408354674903764e-01 3.309006337452496949e-01 8.028093257542280592e-02 1.771055463849752340e-04
1.389421135791970296e-01 2.506332852658652022e-01 7.014680705053258358e-02 1.612228960067861637e-04
1.443336255740633456e-01 2.496696498978976386e-01 6.801789859028858909e-02 1.612342846022426601e-04
1.496057354204454459e-01 2.879630482895342292e-01 6.408970767772054211e-02 1.508316772373681340e-04
1.550666720004082733e-01 2.159848299860119281e-01 6.091512113483991270e-02 1.454861829746994747e-04
1.605937719545926512e-01 1.694210901277500569e-01 5.858931744565153144e-02 1.391688659055648680e-04
1.659348314812816860e-01 2.507892371404437659e-01 5.795541262151964607e-02 1.391800870677797496e-04
1.712193287545253351e-01 2.542472829945986446e-01 5.747895998179068655e-02 1.391915498491961385e-04
1.766197269069877673e-01 2.122794108177042116e-01 5.056036443104357236e-02 1.298681451706804599e-04
1.822130438270916919e-01 2.037308697169830651e-01 5.236882032600274905e-02 1.310997483244401469e-04
1.876353530473894027e-01 2.556913175235782654e-01 5.224842133628201934e-02 1.298922237238606949e-04
1.929600154609199536e-01 2.258018752975578525e-01 5.135533405707129462e-02 1.287180172846345762e-04
1.983284431956512939e-01 2.578840909129578307e-01 5.232600208492851901e-02 1.275759485956587261e-04
2.036258615635219427e-01 2.190464615268420401e-01 5.009246382995905661e-02 1.243024016279451111e-04
2.090778442715015839e-01 1.838124552707934567e-01 4.758091496962891381e-02 1.222603743130671803e-04
2.145415117936124161e-01 2.094566401966131974e-01 4.929505941860492374e-02 1.203169347606778701e-04
2.198317434104270773e-01 2.876863479511996280e-01 4.899479188177340711e-02 1.233012430675693315e-04
2.253123386155440888e-01 3.353677804230386639e-01 4.653128720057637946e-02 1.141676224988224066e-04
2.308741867745754406e-01 2.873165820896186329e-01 4.549827702921507150e-02 1.167092814200127918e-04
2.362348200964458911e-01 2.801433775113301161e-01 4.725352786890332779e-02 1.176036965439450322e-04
2.415194426551158791e-01 2.715995975068755675e-01 4.507875041866411803e-02 1.142074610274519317e-04
2.468479494167828969e-01 2.555961664108814535e-01 4.560100625124253321e-02 1.150458719847019404e-04
2.523648498984565336e-01 2.382196596446199410e-01 4.237318206527155434e-02 1.075318625068621259e-04
2.578481965121659503e-01 1.916945683087191155e-01 4.389047925812955553e-02 1.134429470655889049e-04
2.630697766010609562e-01 1.718459898415941045e-01 4.290954381712910187e-02 1.111335595318930353e-04
2.684447242321442162e-01 1.932454041145651169e-01 4.251067914931507680e-02 1.068988977830056852e-04
2.738573683933423486e-01 1.968490200194882300e-01 4.265647376347843356e-02 1.089761685644753610e-04
2.792662427474351117e-01 1.948138851240338865e-01 4.073736069445763747e-02 1.043511054818625745e-04
2.847604204561720587e-01 1.662923199830744769e-01 4.095467914952273525e-02 1.056310710714688925e-04
2.901924243025822414e-01 1.553631018525598595e-01 4.020672761699525810e-02 1.037651536321139006e-04
2.955971563424296678e-01 1.364987303325312928e-01 4.015369034237379481e-02 1.031751223266431190e-04
3.010048311071444882e-01 1.937744578404117790e-01 4.016411380023668376e-02 1.031904237226093741e-04
3.063355816373553586e-01 1.606162761350442836e-01 3.996079745693886104e-02 1.014514436051420826e-04
3.117317988954761976e-01 2.637666463104290093e-01 4.124175654706133121e-02 1.014669882461632412e-04
3.172256417295423736e-01 1.703285861762808828e-01 3.705271305133484017e-02 9.720818384872832328e-05
3.226838825398407051e-01 1.477601203961653453e-01 3.904243808781435177e-02 1.003777901241674329e-04
3.280117912998243845e-01 1.398132156236027435e-01 3.787958789713521957e-02 9.877874426293800419e-05
3.333016372890164614e-01 1.320051746906880652e-01 3.726551081668605381e-02 9.827325204855192362e-05
3.386741108951352164e-01 1.243418525567667049e-01 3.644919266340247710e-02 9.677340091148618208e-05
3.441552090467246416e-01 1.709094207335540017e-01 3.567995222546421763e-02 9.395651466570404959e-05
3.495788636161819007e-01 1.887170380884432563e-01 3.702136957971911835e-02 9.680669956583362796e-05
3.549695938561805986e-01 2.110814277347557166e-01 3.571110058565519357e-02 9.354043392077341984e-05
3.603969038455020479e-01 2.194711472557038523e-01 3.644968847659720707e-02 9.355706843245531219e-05
3.658321822233269738e-01 1.756031790964702743e-01 3.548408568667101026e-02 9.313154454444440766e-05
3.712513838417467182e-01 1.300378822916093691e-01 3.543785628729443499e-02 9.143927831495521894e-05
3.765994071482405281e-01 1.497162053044856500e-01 3.698275486094756287e-02 9.405717261889847498e-05
3.819959712259577422e-01 1.789092806859048923e-01 3.441823402677286758e-02 8.907604212122069486e-05
3.874374103798953750e-01 1.780572402452823555e-01 3.582928659027164592e-02 9.149064304124798254e-05
3.928504945209733701e-01 1.834266498955153812e-01 3.475337738659180914e-02 8.911028950470802686e-05
3.981669485592974622e-01 1.702394732939885857e-01 3.465903432898366499e-02 9.111267158089746522e-05
4.034560990965571081e-01 1.468130664135869623e-01 3.386905066162679279e-02 8.914466502213641130e-05
4.090363005567212995e-01 1.833468815323005818e-01 3.189896455437549877e-02 8.455112226351369593e-05
4.145546423827307092e-01 1.440854018277560322e-01 3.399352990272009462e-02 8.956850960008391283e-05
4.198704842822554295e-01 6.600732380769930296e-02 3.261021798582373205e-02 8.662426602876770242e-05
4.252034620361183626e-01 1.230442182755895758e-01 3.288368720593624894e-02 8.771840360577522796e-05
4.306256116660617805e-01 1.182641715321351289e-01 3.169081837351466618e-02 8.462103298192525747e-05
4.360878069030351134e-01 1.196912389344106098e-01 3.177520049179491379e-02 8.530312790158715494e-05
4.414077664261003564e-01 1.446206017519159337e-01 3.276506067989799764e-02 8.669749609558542887e-05
4.468253916606745313e-01 1.246703393580415598e-01 3.021556541343844646e-02 8.246786800330164916e-05
4.523323840975004284e-01 7.027925031969481373e-02 3.070140381451970379e-02 8.404587131433358972e-05
4.576988725274648284e-01 9.621291787521354943e-02 3.104897063677236960e-02 8.406453422031087848e-05
4.630447924891573086e-01 7.780886149541893504e-02 3.004313514608287355e-02 8.282829498686073084e-05
4.684037144515966755e-01 9.870631311827660070e-02 3.059485730561190692e-02 8.378323141028227419e-05
4.738355526608297175e-01 1.043077979492545021e-01 2.925248654576757812e-02 7.995782960920455563e-05
4.793766695990301363e-01 6.084700306680272675e-02 3.041138787861295822e-02 8.168488244414993731e-05
4.846912092567183805e-01 7.974097887938738638e-02 3.005835117898223580e-02 8.260009749878718976e-05
4.899937891999318063e-01 7.984328302893221874e-02 2.923079292944373575e-02 8.057192919317659671e-05
4.954669715923923357e-01 1.067111563325326695e-01 2.834123482439297737e-02 7.975933083277056846e-05
5.008713575610570512e-01 5.681851360125649009e-02 2.864513420293090737e-02 7.977878477398752841e-05
5.062802342893181207e-01 6.709547178572830561e-02 2.873983068481246114e-02 7.979846101296492861e-05
5.117017393663254587e-01 8.341132948957914739e-02 2.840692739943621176e-02 7.848577003684492138e-05
5.171042152776009759e-01 7.859820649409028637e-02 2.900870246804922170e-02 7.903062651775065049e-05
5.225672993097458807e-01 7.687714260554877332e-02 2.817086820544839956e-02 7.725698574431118964e-05
5.279373898057811987e-01 8.029652394923036951e-02 2.808870806776473522e-02 7.907106750534933527e-05
5.332179133982893893e-01 7.903235008330476707e-02 2.794043853225687546e-02 7.856554854307331388e-05
5.386547963230446934e-01 3.854244414987677281e-02 2.703032071420015739e-02 7.540721906238372985e-05
5.441215787453648201e-01 1.296882123035415779e-02 2.846422826309965431e-02 7.758628307603408834e-05
5.495001660792746545e-01 2.073431067336621580e-02 2.803942917378913352e-02 7.614703956374044150e-05
5.548516851108789005e-01 4.458230552779779421e-02 2.792334291652812800e-02 7.688702584514381236e-05
5.602689408675397553e-01 6.603267644105485779e-02 2.692813037213531713e-02 7.503185947044799784e-05
5.657273894057259778e-01 5.056360964379765649e-02 2.656799830349390948e-02 7.482757196930691246e-05
5.711479272361492665e-01 6.024533922838513217e-02 2.702357406964948222e-02 7.552980218758553797e-05
5.765331883435156346e-01 3.677447147133771493e-02 2.650484512129874792e-02 7.442478552201511443e-05
5.818857178667034002e-01 8.016113918351590317e-02 2.683033166810068135e-02 7.534248855664137535e-05
5.872918012506160856e-01 7.440515862444249673e-02 2.615660666772318121e-02 7.317895110007243428e-05
5.927273397095595975e-01 4.793471330649604761e-02 2.645508567734582150e-02 7.383563136852915444e-05
5.979976002086393461e-01 1.956237149900499905e-02 2.757797193131166294e-02 7.730411810907367263e-05
6.034061663356329319e-01 5.698625013861061822e-02 2.700838815770129769e-02 7.565838070299103638e-05
6.089251273010282128e-01 4.607584627329973370e-02 2.774202444282433330e-02 7.835440660790659434e-05
6.143525154131307398e-01 3.524254209623560452e-02 2.771804476522871097e-02 7.863510024508639680e-05
6.197412419933066019e-01 6.655673289372582291e-02 2.838724137948723733e-02 8.025850034771302600e-05
6.251182344514154554e-01 3.786498937623748035e-02 2.860953631844586828e-02 8.055888860620195044e-05
6.305115710792165151e-01 4.863093749561619994e-03 2.905770454464912458e-02 8.003321110419532006e-05
6.359173676212169779e-01 2.289397662782022280e-02 2.901787994609999338e-02 8.232927638159922440e-05
6.412724683663342251e-01 1.832128347802255974e-02 2.894509877941348411e-02 8.119443554892060149e-05
6.466285237206897962e-01 1.572301119287074223e-02 2.899533933978997932e-02 8.328340344208840732e-05
6.520658228034604820e-01 1.646952545826572967e-02 2.848361441476089662e-02 8.096240388213921449e-05
6.575237899274372078e-01 3.112261235614446897e-02 2.864655611578961064e-02 8.273006959865599667e-05
6.629294490265700279e-01 3.335833566302604664e-02 2.911511641676629500e-02 8.367082750245873047e-05
6.683225286008289689e-01 1.281310610501779773e-02 2.852322944409328015e-02 8.248448825888642490e-05
6.737464522794230914e-01 4.083440894569968782e-02 2.862348009960628131e-02 8.435181416588189492e-05
6.791206293555097639e-01 5.697819749002330098e-02 2.889068327382443568e-02 8.375170790436857926e-05
6.844768725501015894e-01 2.031763637363685066e-02 2.981913161153073102e-02 8.472555916659952420e-05
6.899417069784540280e-01 2.566215258041321112e-03 2.962659660481224352e-02 8.349812308949033425e-05
6.953497259829333199e-01 1.096529458605423335e-02 3.129343692647632014e-02 8.478196625537489338e-05
7.007361073668159079e-01 2.042257461910913785e-02 2.952815088847791578e-02 8.235143204059650686e-05
7.060935570832375108e-01 3.716313175745727948e-02 2.752346835827197344e-02 7.854522321264843896e-05
7.114861135880685694e-01 2.639929288202960689e-02 2.735221430320799313e-02 7.857179970271239327e-05
7.169398153553429021e-01 4.751697044988925644e-02 2.696801791577464052e-02 7.570466586717894625e-05
7.223622917719079162e-01 9.081868859405359262e-03 2.664536050407557283e-02 7.642451305179179103e-05
7.277614630496254122e-01 2.032375015572308874e-02 2.646855509960949204e-02 7.530468731690117038e-05
7.331525028481501449e-01 1.814279867647494021e-02 2.628887746358237604e-02 7.444977297935508921e-05
7.385608486631140002e-01 3.119259351754195830e-02 2.590338029293275460e-02 7.426035047437538916e-05
7.440066699910827808e-01 1.487448746143676948e-03 2.536128295660285831e-02 7.262652829446963182e-05
7.493968976030724871e-01 -6.359868267329399361e-03 2.564002432150988553e-02 7.388724866747294431e-05
7.547874759187026550e-01 2.028975053535818363e-02 2.525503820684982942e-02 7.208328557237686995e-05
7.602297431156654905e-01 6.358208075084094413e-02 2.537722218884204406e-02 7.152866860342202719e-05
7.655622522894472981e-01 6.777589670752345863e-02 2.556673885363808588e-02 7.334089477112855425e-05
7.709176060749459714e-01 4.532246955238211639e-02 2.448943942134110957e-02 7.009641644282256934e-05
7.763924080381177095e-01 7.888842391525807685e-02 2.469631182833774766e-02 7.103914682090181284e-05
7.818032018932097316e-01 3.789074911922220290e-02 2.492876030716132535e-02 7.032896198567661840e-05
7.872356655600637465e-01 1.995208987753158136e-02 2.473899703610182854e-02 6.946574714495293453e-05
7.927049188380930200e-01 2.448479630529226680e-02 2.459826145549318804e-02 6.984388949065326773e-05
7.980347384569554947e-01 6.361064480731778992e-02 2.420381733854487863e-02 6.986979685681353046e-05
8.033929763694021009e-01 4.291367318581815887e-02 2.430856007118309403e-02 6.954388427427794154e-05
8.088212693637534256e-01 2.787947264322118007e-02 2.418351470325567562e-02 6.788570693817858753e-05
8.142491534232605410e-01 1.398000924734654066e-02 2.410012109331091321e-02 6.890812638574190391e-05
8.196434077966053833e-01 7.443365398157153479e-03 2.351741441113635450e-02 6.810103495302916325e-05
8.250162679522594633e-01 9.595722584454235982e-04 2.397397018757060211e-02 6.812726155406271687e-05
8.304349273974129808e-01 4.842379169973626274e-03 2.376889809574025958e-02 6.734919645876095680e-05
8.358483183974394493e-01 1.610636778564446259e-02 2.331480349575315580e-02 6.721802683670518664e-05
8.412490601515874022e-01 -1.833152133686302698e-03 2.312625734386865653e-02 6.724449757618569353e-05
8.466371178035755340e-01 -5.587378877758245044e-03 2.283023755309247435e-02 6.695890112009971363e-05
8.520503739082629924e-01 3.645706870426899948e-02 2.345325260148960894e-02 6.607421720483871443e-05
8.575219686900165117e-01 1.370823953033829812e-02 2.303334299665352192e-02 6.595264932499437518e-05
8.628910060132344295e-01 1.916766606188820971e-02 2.325490494220515750e-02 6.673140103931531769e-05
8.681900092961910564e-01 4.466919886010109475e-02 2.329014843320241501e-02 6.645376960753840564e-05
8.736087883647773999e-01 3.642759155456340436e-02 2.272668786295365881e-02 6.487872314278535593e-05
8.790500048994875915e-01 2.883186006877931640e-02 2.269083325087056097e-02 6.533108501661939727e-05
8.844613547318532776e-01 3.541778878322313084e-02 2.271521287989158519e-02 6.507322901718331522e-05
8.898556876117820202e-01 5.382644942147953027e-02 2.322685524303691115e-02 6.510010944828222110e-05
8.952746323716633814e-01 4.627967596789464566e-02 2.224641000664761073e-02 6.415826202529731120e-05
9.007066577007144526e-01 6.708309016749358644e-02 2.262589783693810114e-02 6.459536299113309685e-05
9.060847711959799655e-01 5.368273540542603528e-02 2.290506481482275716e-02 6.434797748642468731e-05
9.114398383739410470e-01 2.586857409207522773e-02 2.257156573551763121e-02 6.451173803167427356e-05
9.168483022530472537e-01 3.451210847239584434e-02 2.204925991624247933e-02 6.333769837486449654e-05
9.223032956888813638e-01 7.558374766493153318e-02 2.226593124422020925e-02 6.336498271341255595e-05
9.277197597131328077e-01 7.493914997013402524e-02 2.244426839203889773e-02 6.352252496862814473e-05
9.330523431112536237e-01 7.092055597454351157e-02 2.221507499067026936e-02 6.394549298917336761e-05
9.384312308946043402e-01 7.179181806243503661e-02 2.204618015205230680e-02 6.268054240994485661e-05
9.438987475714538666e-01 4.811169719507139841e-02 2.189900378223502003e-02 6.233524831705625376e-05
9.493108693656192587e-01 7.345150680876598448e-02 2.240536307592782758e-02 6.298806994118838032e-05
9.547266811069399228e-01 7.588381077039843547e-02 2.203004097889909099e-02 6.202337539718783487e-05
9.601198583782314389e-01 7.714790178597327741e-02 2.237330833011777834e-02 6.291686161906837548e-05
9.654921708272516945e-01 8.296886975872190539e-02 2.179413151310158683e-02 6.171750381079682502e-05
9.709312913856498195e-01 8.986757601684654262e-02 2.205943736104262060e-02 6.186473835464421933e-05
9.763003721635470367e-01 1.030666759064165494e-01 2.189752859659044315e-02 6.225527139279082856e-05
9.816567839070265977e-01 8.680032466828430104e-02 2.177087140798868517e-02 6.156297352460983496e-05
9.871031624180283126e-01 7.967668793575632957e-02 2.163435832176411472e-02 6.100940668656865617e-05
9.925075120997480793e-01 8.518446323285386312e-02 2.168016205282942768e-02 6.138424132067762723e-05
9.978736309857745290e-01 8.100753416980328858e-02 2.179447625797131458e-02 6.152912760702465122e-05
1.003266939145733616e+00 8.019727116832303659e-02 2.167088165674279851e-02 6.052646067985736927e-05
1.008745401479852477e+00 9.931092529079767195e-02 2.159224654714403044e-02 6.022228108590953308e-05
1.014215754017857574e+00 7.636658030118809171e-02 2.157450961497195743e-02 6.036070774060208388e-05
1.019561482446994072e+00 1.159244683633468276e-01 2.200465842872584982e-02 6.117785350289753571e-05
1.024909783592358403e+00 1.256389822760587971e-01 2.160736543638837326e-02 6.041629645957947254e-05
1.030334767856955214e+00 8.310126494091742144e-02 2.107261117558056202e-02 5.947233484409388806e-05
1.035692216859667836e+00 1.004628981990127873e-01 2.200287884270361524e-02 6.114857588607139230e-05
1.041095479626046760e+00 1.271659875329689826e-01 2.113810122187504900e-02 5.880281290835776502e-05
1.046543033395639588e+00 9.673006885140433830e-02 2.141895936079969004e-02 6.009173366892168100e-05
1.051935378234617691e+00 1.147863926735781526e-01 2.118872165135968558e-02 5.937475247787516689e-05
1.057361994336540878e+00 1.241523500181800355e-01 2.123877209397556642e-02 5.898930508611151225e-05
1.062716027238170158e+00 1.255828132291431642e-01 2.155825640668178680e-02 6.028670946013028382e-05
1.068059328640370120e+00 1.214571367450741068e-01 2.095837567287263739e-02 5.874036733392178788e-05
1.073518795922285163e+00 1.016311741157299581e-01 2.075990961940578708e-02 5.866838311407488967e-05
1.078970943207228084e+00 1.254630490936173015e-01 2.099637484699952081e-02 5.849716984985210477e-05
1.084377983353184138e+00 1.314894197724704727e-01 2.094121047441343392e-02 5.882664643114204970e-05
1.089758010176415493e+00 1.408490933406078283e-01 2.131994756194398322e-02 5.885534909890876855e-05
1.095204996711995449e+00 1.176118764896221247e-01 2.093550654679395343e-02 5.742315681055104408e-05
1.100627978288454933e+00 1.378708546147316971e-01 2.127020645806242116e-02 5.911723164900217553e-05
1.105992746138989569e+00 1.515152000110266406e-01 2.084270294135923476e-02 5.766867595459191216e-05
1.111392533857109566e+00 1.355602032483970154e-01 2.112408777010030964e-02 5.847185871542908260e-05
1.116781682668467779e+00 1.474622883560821052e-01 2.067456142252456497e-02 5.772611831392892846e-05
1.122193509892803975e+00 1.100291591815494574e-01 2.055545230086503264e-02 5.756606785759543527e-05
1.127605609779413154e+00 1.322634453131140142e-01 2.070181128311356436e-02 5.787952191769370745e-05
1.132991756494081237e+00 1.409584799149499745e-01 2.037601040577947942e-02 5.725114109919037393e-05
1.138399625779723534e+00 1.617032983981400440e-01 2.096209928818906082e-02 5.765337374979345524e-05
1.143850005512351276e+00 1.452043236197839704e-01 2.033962608114726553e-02 5.649540305800066517e-05
1.149289115168043551e+00 1.281822345791829298e-01 2.068300022841506117e-02 5.733911420101380640e-05
1.154678178564147562e+00 1.052602389739244332e-01 2.053630072136800738e-02 5.718428084697115379e-05
1.160033266507563443e+00 1.408074381034530587e-01 2.089299848686850675e-02 5.703095839612483257e-05
1.165421935638090378e+00 1.199696412764601761e-01 2.074015351868683382e-02 5.687948762039353511e-05
1.170882358846309756e+00 1.273750864456524023e-01 2.024754012733473787e-02 5.585857030955272939e-05
1.176288700516715302e+00 1.304115496297159615e-01 2.066299811520315791e-02 5.730275565248984181e-05
1.181664427600140232e+00 1.538384347182378264e-01 2.055481398626702108e-02 5.617417626258435664e-05
1.187088691941523999e+00 1.553703619552397885e-01 2.011523031123114980e-02 5.611746119278898068e-05
1.192505577521895788e+00 1.692653873758300231e-01 2.034277344204977328e-02 5.640718950011380621e-05
1.197931470134982801e+00 1.491569824286715917e-01 1.959668389504659602e-02 5.549994820897959433e-05
1.203322505065898884e+00 1.411969397980784857e-01 2.046560946371729639e-02 5.681982091998454996e-05
1.208712058921331378e+00 1.350647291579287201e-01 1.967567801954602652e-02 5.522897337195808168e-05
1.214115920079852362e+00 1.559195635338734010e-01 1.996637470328019998e-02 5.626625669658625516e-05
1.219516179382922560e+00 1.321817593001084756e-01 1.994053420111294508e-02 5.536993399719435539e-05
1.224917891072072385e+00 1.555881338209832987e-01 2.030172298376272527e-02 5.573138140842670476e-05
1.230285537396655471e+00 1.503952179764916908e-01 2.014299222292818478e-02 5.576119529637172946e-05
1.235743656047225691e+00 1.777845254859626301e-01 1.976860675328533795e-02 5.434224784381197720e-05
1.241164907231004921e+00 1.604442434130813333e-01 2.033734176633372054e-02 5.616028966570631544e-05
1.246504825644690895e+00 1.778763468682647009e-01 1.994458101431424366e-02 5.503178246032236720e-05
1.251930253393460424e+00 1.559536264987932963e-01 1.957226002752270391e-02 5.474365008284248421e-05
1.257363716237749562e+00 1.782458405405984991e-01 1.992115867260937229e-02 5.509223544327548552e-05
1.262752491333949623e+00 1.557183291356782351e-01 1.943184434448627651e-02 5.464651874087796910e-05
1.268152552474872463e+00 1.127175759656545012e-01 1.958839785781412920e-02 5.515274857755425602e-05
1.273544057208612745e+00 1.432526822442595771e-01 1.947613450403182928e-02 5.431902562067727114e-05
1.278974933441365369e+00 1.709827015691956220e-01 1.945651207162187729e-02 5.450346954703213197e-05
1.284364662928733081e+00 1.582831122220391407e-01 1.978500455584361953e-02 5.492518582566068599e-05
1.289734938570826994e+00 1.459894579819738247e-01 2.032555452188128733e-02 5.669805079818590062e-05
1.295094384489735573e+00 1.412815929619901656e-01 2.068303486144409953e-02 5.708077954005117159e-05
1.300491267872327938e+00 1.339324614516473888e-01 2.071747585241625819e-02 5.702429032070696347e-05
1.305888072891493668e+00 1.572064176549911041e-01 2.122154822418784864e-02 5.824039965321715478e-05
1.311317284736879030e+00 1.538123597566531386e-01 2.079947937114332707e-02 5.762644296635390521e-05
1.316727351153390124e+00 1.517681025585541355e-01 2.136483068172252003e-02 5.878244339551975701e-05
1.322191383880066962e+00 1.852973126288360584e-01 2.100646411021480850e-02 5.805968738507271125e-05
1.327618379600880916e+00 1.696378970211829817e-01 2.141239215013665542e-02 5.933822867251192925e-05
1.332903314945472095e+00 1.480194363592282625e-01 2.162025984556194963e-02 6.059565738041641737e-05
1.338261087646231307e+00 1.778780854800072198e-01 2.147367679167181548e-02 5.901297994584199839e-05
1.343694242408463024e+00 1.632956928959389264e-01 2.148571078803028153e-02 5.994101621248875664e-05
1.349157747710896915e+00 1.518354917253392777e-01 2.164649509089745794e-02 5.947403222011562053e-05
1.354565765270395961e+00 1.651428328197177553e-01 2.170333621714954156e-02 6.063035793292221394e-05
1.359945936778087283e+00 2.159970203223770258e-01 2.190486931188612152e-02 6.066533311961521486e-05
1.365391998224046111e+00 1.747655380391960334e-01 2.134944003118195363e-02 5.977720564942895747e-05
1.370795738905251193e+00 1.582875152174129663e-01 2.208204570181935070e-02 6.192618069937021066e-05
1.376158867233923777e+00 1.734952874363547282e-01 2.169574017370298064e-02 6.056224267317152272e-05
1.381534233104198428e+00 1.783384429900403134e-01 2.233379169325688113e-02 6.199819556378148924e-05
1.386991258264408167e+00 1.798788542145433600e-01 2.154491899796108847e-02 6.032333435496827775e-05
1.392503365288352279e+00 1.650040467060215343e-01 2.182217369417029443e-02 6.109123680580256209e-05
1.397837919769888027e+00 1.859328635412814956e-01 2.267031283510596851e-02 6.337491201328054977e-05
1.403143149980278226e+00 1.752355099234569058e-01 2.176462472248805527e-02 6.137662226921570510e-05
1.408622702059144194e+00 2.131963380807380404e-01 2.230945180686118995e-02 6.173937813022809722e-05
1.414070954788755330e+00 2.019624316008311604e-01 2.268589250841073629e-02 6.210767779338446763e-05
1.419461651110860201e+00 1.589603292013275215e-01 2.241598100144494635e-02 6.214465777192711572e-05
1.424903253312204354e+00 1.692752097604252048e-01 2.214949008188314347e-02 6.185046629202335720e-05
1.430299238666158823e+00 1.645060399168910559e-01 2.220896206034960255e-02 6.166922183179128036e-05
1.435668705898795583e+00 1.822336934846372491e-01 2.242583864697130988e-02 6.236841741932110984e-05
1.441054750942251328e+00 1.635045931526163954e-01 2.225700850613525697e-02 6.110110596401457765e-05
1.446462818610778411e+00 1.420020582196225012e-01 2.202280711736149046e-02 6.167203949465648906e-05
1.451936501294346371e+00 1.673390165408361052e-01 2.151667154742185201e-02 6.045038190910845591e-05
1.457359866745661758e+00 1.478006556090779300e-01 2.164873316086857180e-02 6.142508541223318306e-05
1.462740212859021449e+00 1.376852890037367216e-01 2.178296513682561469e-02 6.125002984779377669e-05
1.468144471457462297e+00 1.711455952817633186e-01 2.161785240631638322e-02 6.086908144892901149e-05
1.473518732033627376e+00 1.336475427641725666e-01 2.235577053780183482e-02 6.207853654453279974e-05
1.478948286914337773e+00 1.740206216232321190e-01 2.170646175432723243e-02 6.043196846102835012e-05
1.484395429159152124e+00 1.759397563408940102e-01 2.184916948123342278e-02 6.193684233406772887e-05
1.489786467108412005e+00 1.626466157802571866e-01 2.187045287171253752e-02 6.165130475465291978e-05
1.495185911206293294e+00 1.530445596382789542e-01 2.190129913004800269e-02 6.158255021819814576e-05
1.500536726406738630e+00 1.731470394258545764e-01 2.245375722019374992e-02 6.282760036175682268e-05
1.505932698676854864e+00 1.946863266511045520e-01 2.175588743003844042e-02 6.102826468063424767e-05
1.511370572024224979e+00 1.901955436170171543e-01 2.222274950886188663e-02 6.268085115941476263e-05
1.516808879056463555e+00 1.808208808848220661e-01 2.146569758048667842e-02 6.131300805258052143e-05
1.522255939266117686e+00 1.874204966048171050e-01 2.191601288582536652e-02 6.242618722280026658e-05
1.527637505713612009e+00 1.617463352037041835e-01 2.201126815519173149e-02 6.279888547588218330e-05
1.532989115555085213e+00 1.758111826807037814e-01 2.174274027697828404e-02 6.239385279251697953e-05
1.538384730430289560e+00 1.639154156515914285e-01 2.229466816979058102e-02 6.299001623822771362e-05
1.543788480313084799e+00 1.882380861435287711e-01 2.199854639341685542e-02 6.214507911591959444e-05
1.549214290421601969e+00 1.701614700261131763e-01 2.225542729464887251e-02 6.295703595350792578e-05
1.554650333600347656e+00 1.616602186750422665e-01 2.203863759056409743e-02 6.255194918254727626e-05
1.560016128447410111e+00 1.857892708371675083e-01 2.239401295495418651e-02 6.349203138098585776e-05
1.565384633297319139e+00 1.894459131269137508e-01 2.224993920189596852e-02 6.318967754291892659e-05
1.570805541054617338e+00 1.696913678799554792e-01 2.197787067125005558e-02 6.256098298845403261e-05
1.576237562966666506e+00 1.824612707845062465e-01 2.271480704501515485e-02 6.361365792062919332e-05
1.581670709531860952e+00 1.556069359256987972e-01 2.229935394853379063e-02 6.275167398181405334e-05
1.587078503788157180e+00 1.670795233879409092e-01 2.245018343155968238e-02 6.369550719518329222e-05
1.592493780754422161e+00 1.618611180347678535e-01 2.242695260284544717e-02 6.339296569452296964e-05
1.597830710529466236e+00 1.294665283526003630e-01 2.259191026776698544e-02 6.424436926010262830e-05
1.603170245253473736e+00 1.516123716748068728e-01 2.246972262192874215e-02 6.405031836328821783e-05
1.608632616937660575e+00 1.569750474666148088e-01 2.214124632727471065e-02 6.262383167806455147e-05
1.614059223808971932e+00 1.655513077149750600e-01 2.276226640805447191e-02 6.472725165826071002e-05
1.619468981594873958e+00 1.569508864323529707e-01 2.221883130716700155e-02 6.325883337810378655e-05
1.624859518674830028e+00 1.606188595384951956e-01 2.272962337673037694e-02 6.469129303022234153e-05
1.630256870516380685e+00 1.494482554612460157e-01 2.253101994740263139e-02 6.379523215251377386e-05
1.635711989539879507e+00 1.635473571620180699e-01 2.199913736914585818e-02 6.360893229706732373e-05
1.641097781580433512e+00 1.569570273778867764e-01 2.285735299021314504e-02 6.530399009565336687e-05
1.646453263103915043e+00 1.220951184165287168e-01 2.193130173769140823e-02 6.403582757660889163e-05
1.651864676770422813e+00 1.703116454088467735e-01 2.234008646561949293e-02 6.454572159034658381e-05
1.657304375307351307e+00 1.719232157405200245e-01 2.220874910989427409e-02 6.423654414863225366e-05
1.662698104180989844e+00 1.557769180463360048e-01 2.259246884177186498e-02 6.474977982413243291e-05
1.668060053942070464e+00 1.870762653042517543e-01 2.300017682350144824e-02 6.539612407024014739e-05
1.673492237362748103e+00 1.770035426641071163e-01 2.213992784320950244e-02 6.356288430481985322e-05
1.678951376535986251e+00 1.619968051877695991e-01 2.251264794715575335e-02 6.548356763805767517e-05
1.684339654594191549e+00 1.695867401476940928e-01 2.230399502893607930e-02 6.468455517827498128e-05
1.689673754773049152e+00 1.644442186154522478e-01 2.276831207486538361e-02 6.594159574266010278e-05
1.695099521228575101e+00 1.392281694698556394e-01 2.187995329848939699e-02 6.430281750396111390e-05
1.700542651512875203e+00 1.543369968078420473e-01 2.252930520976185319e-02 6.505196109782809724e-05
1.705955105730180277e+00 1.350931720216483889e-01 2.245494836777018471e-02 6.557960171771512697e-05
1.711327812279555882e+00 1.296011846339757967e-01 2.242509618992867548e-02 6.537986186248301854e-05
1.716729674621949364e+00 1.027332189808098512e-01 2.245200796923465386e-02 6.530298528601100202e-05
1.722221975207127720e+00 1.324872738081676604e-01 2.247417610150755085e-02 6.475306901492239320e-05
1.727627692087228661e+00 1.617998178714658564e-01 2.284758520811042831e-02 6.600352452381270116e-05
1.732966843045984140e+00 1.523828325451023202e-01 2.284050297459895920e-02 6.642323390459318794e-05
1.738333241502945770e+00 1.560278981083598748e-01 2.220785795720395597e-02 6.512002206988118727e-05
1.743744466197577614e+00 1.926536415753485332e-01 2.310127444739343283e-02 6.638695146130051865e-05
1.749097732475380029e+00 1.642501715389381167e-01 2.286467472490518252e-02 6.668470864549760251e-05
1.754490982683348133e+00 1.859025068125106095e-01 2.401135267126366241e-02 7.106664317984167539e-05
1.759935397324560613e+00 1.512402530770382003e-01 2.386223854088869237e-02 7.006183608340860733e-05
1.765439062293867822e+00 1.619647364034382808e-01 2.449579724480623749e-02 7.226831596551130292e-05
1.770767170651567746e+00 1.515470958680208424e-01 2.529379932315983445e-02 7.615335868100591777e-05
1.776050733352050326e+00 1.034608328720522386e-01 2.521158040164443032e-02 7.438539184648096272e-05
1.781503430058259285e+00 1.148426095928592461e-01 2.607837908336678792e-02 7.644660241483027918e-05
1.786997879839227643e+00 1.244791167804250170e-01 2.579846925156665388e-02 7.575001546121662855e-05
1.792451289587231322e+00 1.239606633923477780e-01 2.693591910380215351e-02 7.915573576443300557e-05
1.797776131913362718e+00 1.428472387806015986e-01 2.733656364305488834e-02 8.028433122795362658e-05
1.803145777197835420e+00 1.547928703948937001e-01 2.677740726958338299e-02 7.968890275811088715e-05
1.808581710182051827e+00 1.626485074903334938e-01 2.739859916853266270e-02 8.197852807838162134e-05
1.813995383822814222e+00 1.404298410820167542e-01 2.738680754035096102e-02 8.180336918730900892e-05
1.819396087797206185e+00 1.140342535378634087e-01 2.791116761513433644e-02 8.427537744361132059e-05
1.824795254777076936e+00 1.341047278261959796e-01 2.811354411047500487e-02 8.433390501415356419e-05
1.830225057335859828e+00 1.568803267371990939e-01 2.896830343098524135e-02 8.490282788655540650e-05
1.835622947840883201e+00 1.171494899101715309e-01 2.954307587464938961e-02 8.794398114689210640e-05
1.840971459786070463e+00 8.529104496479013309e-02 2.949191901602007948e-02 8.743880866228058294e-05
1.846363300784382488e+00 1.282782449864520724e-01 3.030143911967513731e-02 8.923265820881410150e-05
1.851788661407853587e+00 1.220822849517625985e-01 2.942849586620889871e-02 8.929540323751487612e-05
1.857199548134683020e+00 1.074223616986641344e-01 3.015398929992253035e-02 9.120074670333292170e-05
1.862528940046755510e+00 1.143092448692245300e-01 3.032235005609005066e-02 9.356644128323309071e-05
1.867942475411234815e+00 1.266261035995627782e-01 3.053004075609495535e-02 9.196915162591528733e-05
1.873422661229030117e+00 1.422114449717415408e-01 3.167307770727319227e-02 9.404312893853481045e-05
1.878855157824457223e+00 1.186549868485187453e-01 3.179039454396372782e-02 9.588900173609682430e-05
1.884143575564600992e+00 6.773883442246798892e-02 3.285895151339951470e-02 9.862653659624881280e-05
1.889536134301766035e+00 8.293278596970529715e-02 3.194180183745694290e-02 9.676455399552778055e-05
1.895045230093096444e+00 1.179302739917768156e-01 3.232371494960441932e-02 9.876746485418129624e-05
1.900434177725633056e+00 1.479698245596176576e-01 3.396600292474722532e-02 1.013190089555553831e-04
1.905803761921866402e+00 1.073710843723050257e-01 3.351664017709102966e-02 1.022608628425857784e-04
1.911167700839678796e+00 1.387089870654886758e-01 3.444148543089615988e-02 1.041444296432739316e-04
1.916579607920906092e+00 1.217524909693383922e-01 3.438987592752024147e-02 1.033004967150249364e-04
1.922013455835735574e+00 1.238064250440484293e-01 3.600289937567591886e-02 1.072045836741367857e-04
1.927313708619347032e+00 1.515034714827698248e-01 3.604636649272485727e-02 1.088308149401579042e-04
1.932702557646214903e+00 1.190744692518426462e-01 3.636206332215573961e-02 1.083835894887550191e-04
1.938223211756757269e+00 1.231033109017956040e-01 3.606943879135408870e-02 1.089881533919506381e-04
1.943708957960406547e+00 1.485476504601194736e-01 3.699532415318684819e-02 1.123901260489045494e-04
1.949135248909452889e+00 1.213764921751075282e-01 3.833263147447415337e-02 1.136489252197525309e-04
1.954462909102386403e+00 1.243153493364523299e-01 3.993554066432509347e-02 1.181662939148509059e-04
1.959828022979229978e+00 1.082431357811026867e-01 3.752075737525833315e-02 1.156515403892987870e-04
1.965367702526238824e+00 1.602559750337790856e-01 3.867844600745269645e-02 1.183381814234047867e-04
1.970697219278204404e+00 7.373937516140786907e-02 4.084637128069101147e-02 1.242025017738829294e-04
1.976066258025083844e+00 1.458779234623665821e-01 3.956446577737598308e-02 1.212962842987864022e-04
1.981565489217839593e+00 1.232967052661568808e-01 4.115752591764770818e-02 1.251680120353415734e-04
1.986894883979635651e+00 9.884098313294016613e-02 4.222192624119566057e-02 1.294199750875741359e-04
1.992340380604752825e+00 7.281618984879116574e-02 4.147407234676488835e-02 1.269665265499263858e-04
1.997777694303234819e+00 1.003210608395323500e-01 4.364074019383189923e-02 1.342231388126293248e-04
2.003087770932475919e+00 1.423651644675283379e-01 4.324827860533342339e-02 1.343190716752060935e-04
2.008541263372783270e+00 1.840175608061352663e-01 4.376879331045738925e-02 1.364092682735973893e-04
2.013963034470684921e+00 1.611566130325950696e-01 4.472046360392483572e-02 1.396718464252689974e-04
2.019386414813521213e+00 1.527170336020745589e-01 4.605059231902743078e-02 1.420107011090234351e-04
2.024786259325634052e+00 7.486808336116988760e-02 4.643201638661417080e-02 1.469332105233192608e-04
2.030128113663754785e+00 1.016297925649730649e-01 4.844844652669565155e-02 1.483236999013821673e-04
2.035578990098364738e+00 5.955939123291444093e-02 4.775688826502316742e-02 1.511079889036957358e-04
2.040923663405458388e+00 9.100558536995551062e-02 4.933151624812408959e-02 1.585983521045111581e-04
2.046224670093021114e+00 1.289927555368466927e-01 5.031866350527886694e-02 1.587125828127682145e-04
2.051742197763480657e+00 4.650633134722267914e-02 5.164884951390845413e-02 1.604442478046585042e-04
2.057114863651517300e+00 6.675164169412226012e-02 5.269635648589959809e-02 1.713979380349137137e-04
2.062487568727739973e+00 7.238366044539579214e-02 5.232570417133780571e-02 1.695631511327976720e-04
2.068012860113419116e+00 1.231460290574492855e-01 5.578043238087521810e-02 1.757896405175450702e-04
2.073357810354322428e+00 1.368924566981346846e-01 5.990242078370308643e-02 1.851831197748881740e-04
2.078708294654767474e+00 6.631891461556752021e-02 5.917068270596860524e-02 1.878748890713894640e-04
2.084081495607713830e+00 1.055363957657099033e-01 6.046359582655263382e-02 1.963733000012165620e-04
2.089452836214222842e+00 1.159145688883472108e-01 6.227919499535873593e-02 1.995648612222139615e-04
2.094911116611464674e+00 9.471422730750975183e-02 6.903095101268096057e-02 2.097902191812160732e-04
2.100212088302664704e+00 1.022165375709120222e-01 7.355236814138713108e-02 2.217245063113911896e-04
2.105666496467082816e+00 2.074900542205453946e-01 7.412810102822434133e-02 2.218908184182848890e-04
2.111147580643755628e+00 1.673287857167568837e-01 7.588049604863003617e-02 2.414027588879664012e-04
2.116442874487691306e+00 1.316683113198185984e-01 8.253686029494991527e-02 2.533700998040393768e-04
2.121649528170760135e+00 2.939119656142560877e-02 8.892452300965064671e-02 2.750158315217037961e-04
2.127035177782856668e+00 -3.054427211706933765e-02 8.392088866517780077e-02 2.752203520369789517e-04
2.132644863239192556e+00 1.845470052878471490e-02 9.848874614347703782e-02 3.035132151693073314e-04
2.137936904131422899e+00 -8.910081003140951639e-02 1.246367433877839798e-01 3.426597976005354637e-04
2.143379834451657473e+00 5.676371619243444910e-02 1.138060033439913660e-01 3.596555539368713190e-04
2.148793690418078661e+00 1.185282438758131496e-01 1.358290796029484326e-01 4.301932467746154374e-04
2.153934483359908558e+00 -5.082380988069590266e-02 1.636745918964820357e-01 5.093746278688903893e-04
2.158957533645546434e+00 1.114024889002265678e-01 2.444251176713315710e-01 6.580585905440785839e-04
2.163572969808472912e+00 -3.466851110561912364e-02 4.370034236716528464e-01 1.140522126237604288e-03
